[0, 9]
[1, 2]
[2, 13]
[3, 7]
[4, 0]
[5, 10]
[6, 20]
[7, 11]
[8, 13]
[9, 14]
[10, 4]
[11, 9]
[12, 22]
[13, 12]
[14, 13]
[15, 22]
[16, 9]
[17, 2]
[18, 11]
[19, 0]
[20, 9]
[21, 12]
[22, 16]
[23, 12]
[24, 1]
[25, 7]
[26, 22]
[27, 12]
[28, 22]
[29, 21]
[30, 18]
[31, 15]
[32, 3]
[33, 10]
[34, 9]
[35, 6]
[36, 4]
[37, 14]
[38, 17]
[39, 21]
[40, 8]
[41, 11]
[42, 14]
[43, 0]
[44, 9]
[45, 21]
[46, 7]
[47, 15]
[48, 8]
[49, 2]
[50, 12]
[51, 11]
[52, 6]
[53, 10]
[54, 2]
[55, 14]
[56, 22]
[57, 9]
[58, 20]
[59, 13]
[60, 9]
[61, 20]
[62, 22]
[63, 11]
[64, 2]
[65, 3]
[66, 4]
[67, 12]
[68, 15]
[69, 1]
[70, 7]
[71, 8]
[72, 1]
[73, 0]
[74, 15]
[75, 10]
[76, 21]
[77, 21]
[78, 4]
[79, 7]
[80, 19]
[81, 3]
[82, 13]
[83, 2]
[84, 19]
[85, 15]
[86, 21]
[87, 15]
[88, 10]
[89, 2]
[90, 11]
[91, 21]
[92, 3]
[93, 15]
[94, 7]
[95, 5]
[96, 3]
[97, 15]
[98, 7]
[99, 15]
[100, 11]
[101, 10]
[102, 15]
[103, 22]
[104, 3]
[105, 7]
[106, 15]
[107, 9]
[108, 22]
[109, 17]
[110, 0]
[111, 12]
[112, 15]
[113, 6]
[114, 1]
[115, 1]
[116, 6]
[117, 14]
[118, 13]
[119, 17]
[120, 16]
[121, 2]
[122, 8]
[123, 3]
[124, 14]
[125, 3]
[126, 16]
[127, 13]
[128, 3]
[129, 16]
[130, 13]
[131, 17]
[132, 7]
[133, 17]
[134, 2]
[135, 13]
[136, 15]
[137, 10]
[138, 20]
[139, 22]
[140, 17]
[141, 21]
[142, 8]
[143, 7]
[144, 14]
[145, 21]
[146, 3]
[147, 13]
[148, 3]
[149, 6]
[150, 9]
[151, 17]
[152, 22]
[153, 5]
[154, 1]
[155, 21]
[156, 4]
[157, 16]
[158, 11]
[159, 8]
[160, 6]
[161, 18]
[162, 10]
[163, 11]
[164, 0]
[165, 10]
[166, 10]
[167, 10]
[168, 11]
[169, 14]
[170, 2]
[171, 3]
[172, 8]
[173, 5]
[174, 21]
[175, 22]
[176, 14]
[177, 6]
[178, 2]
[179, 8]
[180, 16]
[181, 2]
[182, 8]
[183, 21]
[184, 14]
[185, 21]
[186, 0]
[187, 8]
[188, 1]
[189, 6]
[190, 19]
[191, 8]
[192, 11]
[193, 21]
[194, 6]
[195, 16]
[196, 22]
[197, 1]
[198, 18]
[199, 13]
[200, 20]
[201, 5]
[202, 19]
[203, 8]
[204, 1]
[205, 7]
[206, 11]
[207, 3]
[208, 8]
[209, 22]
[210, 1]
[211, 18]
[212, 19]
[213, 15]
[214, 15]
[215, 22]
[216, 18]
[217, 16]
[218, 14]
[219, 20]
[220, 5]
[221, 7]
[222, 3]
[223, 7]
[224, 0]
[225, 22]
[226, 18]
[227, 17]
[228, 9]
[229, 4]
[230, 20]
[231, 19]
[232, 10]
[233, 7]
[234, 4]
[235, 20]
[236, 13]
[237, 13]
[238, 21]
[239, 13]
[240, 1]
[241, 9]
[242, 10]
[243, 22]
[244, 5]
[245, 21]
[246, 19]
[247, 12]
[248, 8]
[249, 11]
[250, 17]
[251, 15]
[252, 22]
[253, 4]
[254, 0]
[255, 17]
[256, 9]
[257, 0]
[258, 0]
[259, 13]
[260, 19]
[261, 12]
[262, 17]
[263, 12]
[264, 12]
[265, 19]
[266, 15]
[267, 12]
[268, 1]
[269, 21]
[270, 12]
[271, 10]
[272, 9]
[273, 9]
[274, 8]
[275, 10]
[276, 15]
[277, 16]
[278, 6]
[279, 8]
[280, 16]
[281, 9]
[282, 4]
[283, 3]
[284, 19]
[285, 6]
[286, 7]
[287, 12]
[288, 22]
[289, 10]
[290, 1]
[291, 2]
[292, 7]
[293, 9]
[294, 16]
[295, 10]
[296, 2]
[297, 21]
[298, 8]
[299, 21]
[300, 1]
[301, 14]
[302, 17]
[303, 9]
[304, 10]
[305, 4]
[306, 3]
[307, 14]
[308, 19]
[309, 1]
[310, 5]
[311, 5]
[312, 16]
[313, 5]
[314, 9]
[315, 2]
[316, 12]
[317, 14]
[318, 5]
[319, 11]
[320, 6]
[321, 7]
[322, 1]
[323, 10]
[324, 13]
[325, 8]
[326, 16]
[327, 13]
[328, 8]
[329, 13]
[330, 5]
[331, 8]
[332, 16]
[333, 0]
[334, 12]
[335, 15]
[336, 2]
[337, 2]
[338, 5]
[339, 3]
[340, 15]
[341, 5]
[342, 6]
[343, 9]
[344, 17]
[345, 12]
[346, 10]
[347, 11]
[348, 10]
[349, 7]
[350, 19]
[351, 5]
[352, 10]
[353, 15]
[354, 21]
[355, 16]
[356, 12]
[357, 21]
[358, 3]
[359, 20]
[360, 6]
[361, 5]
[362, 17]
[363, 11]
[364, 15]
[365, 7]
[366, 6]
[367, 13]
[368, 14]
[369, 11]
[370, 3]
[371, 10]
[372, 6]
[373, 16]
[374, 16]
[375, 10]
[376, 8]
[377, 19]
[378, 3]
[379, 19]
[380, 2]
[381, 13]
[382, 13]
[383, 3]
[384, 16]
[385, 15]
[386, 8]
[387, 7]
[388, 9]
[389, 21]
[390, 18]
[391, 10]
[392, 19]
[393, 17]
[394, 13]
[395, 6]
[396, 1]
[397, 2]
[398, 13]
[399, 0]
[400, 21]
[401, 13]
[402, 5]
[403, 14]
[404, 14]
[405, 10]
[406, 18]
[407, 10]
[408, 3]
[409, 16]
[410, 7]
[411, 18]
[412, 6]
[413, 22]
[414, 22]
[415, 13]
[416, 13]
[417, 22]
[418, 10]
[419, 7]
[420, 6]
[421, 1]
[422, 11]
[423, 9]
[424, 18]
[425, 15]
[426, 12]
[427, 14]
[428, 10]
[429, 11]
[430, 12]
[431, 19]
[432, 12]
[433, 5]
[434, 6]
[435, 4]
[436, 21]
[437, 7]
[438, 16]
[439, 21]
[440, 6]
[441, 11]
[442, 5]
[443, 4]
[444, 0]
[445, 0]
[446, 13]
[447, 3]
[448, 20]
[449, 5]
[450, 18]
[451, 4]
[452, 22]
[453, 20]
[454, 1]
[455, 2]
[456, 7]
[457, 18]
[458, 15]
[459, 15]
[460, 13]
[461, 20]
[462, 19]
[463, 17]
[464, 8]
[465, 14]
[466, 0]
[467, 10]
[468, 20]
[469, 22]
[470, 17]
[471, 16]
[472, 6]
[473, 1]
[474, 15]
[475, 6]
[476, 4]
[477, 8]
[478, 5]
[479, 5]
[480, 17]
[481, 13]
[482, 10]
[483, 4]
[484, 10]
[485, 10]
[486, 17]
[487, 7]
[488, 15]
[489, 14]
[490, 16]
[491, 20]
[492, 9]
[493, 15]
[494, 9]
[495, 9]
[496, 12]
[497, 3]
[498, 2]
[499, 20]
